palette_list <- list(
 self = c('#DF0A1F','#1C5BA7','#019E73','#ED621B','#E477C1','#9F195B','#FFC107','#6A1B9A','#00BFA5','#2E7D32'),
 singler =  c(
     "#7FC97F","#BEAED4","#FDC086","#386CB0","#F0027F","#BF5B17",
     "#666666","#1B9E77","#7570B3","#66A61E", "#E6AB02","#A6761D",
     "#A6CEE3","#B2DF8A","#FB9A99","#E31A1C","#FF7F00","#6A3D9A",
     "#8DA0CB","#4DAF4A","#984EA3","#c6c386","#999999","#66C2A5",
     "#FC8D62","#A6D854","#FFD92F","#BEBADA","#FB8072","#80B1D3",
     "#FDB462","#BC80BD","#B3B3B3","#33A02C","#B3DE69","#4038b0",
     "#ee7576","#e94749","#E78AC3","#ff0000","#A65628","#d80172",
     "#F781BF","#D95F02","#E7298A","#1F78B4","#FDBF6F","#CAB2D6",
     "#B15928","#FBB4AE", "#B3CDE3",'#0173b2','#de8f05','#029e73',
     '#d55e00','#cc78bc','#ca9161','#fbafe4','#949494','#ece133',
     '#56b4e9',"#00AFBB","#E7B800","#FC4E07","#FFDB6D","#C4961A",
     "#F4EDCA","#D16103","#C3D7A4","#52854C","#4E84C4","#293352"),
 blindless = c(
     "#7FC97F", "#BEAED4", "#FDC086", "#FFFF99", "#386CB0", "#F0027F",
     "#BF5B17", "#1B9E77", "#D95F02", "#7570B3", "#66A61E", "#E6AB02",
     "#A6761D", "#A6CEE3", "#1F78B4", "#B2DF8A", "#33A02C", "#FB9A99",
     "#E31A1C", "#FDBF6F", "#FF7F00", "#CAB2D6", "#6A3D9A", "#B15928",
     "#FBB4AE", "#B3CDE3", "#BC80BD", "#CCEBC5", "#DECBE4", "#FED9A6",
     "#FFFFCC", "#E5D8BD", "#FDDAEC", "#F2F2F2", "#B3E2CD", "#FDCDAC",
     "#CBD5E8", "#F4CAE4", "#E6F5C9", "#FFF2AE", "#F1E2CC", "#CCCCCC",
     "#E41A1C", "#377EB8", "#984EA3", "#FFFF33", "#A65628", "#F781BF",
     "#999999", "#FFED6F", "#66C2A5", "#FC8D62", "#8DA0CB", "#E78AC3",
     "#A6D854", "#FFD92F", "#E5C494", "#B3B3B3", "#8DD3C7", "#FFFFB3",
     "#BEBADA", "#FB8072", "#80B1D3", "#FDB462", "#B3DE69", "#FCCDE5",
     "#D9D9D9","#666666"),
 customecol2 = c(
    "#7fc97f","#beaed4","#fdc086","#386cb0","#f0027f","#a34e3b",
    "#666666","#1b9e77","#d95f02","#7570b3","#d01b2a","#43acde",
    "#efbd25","#492d73","#cd4275","#2f8400","#d9d73b","#aed4ff",
    "#ecb9e5","#813139","#743fd2","#434b7e","#e6908e","#214a00",
    "#ef6100","#7d9974","#e63c66","#cf48c7","#ffe40a","#a76e93",
    "#d9874a","#adc64a","#5466df","#d544a1","#54d665","#5e99c7",
    "#006874","#d2ad2c","#b5d7a5","#9e8442","#4e1737","#e482a7",
    "#6f451d","#2ccfe4","#ae6174","#a666be","#a32b2b","#ffff99",
    "#3fdacb","#bf5b17"),
  group_color = c("#d01b2a","#43acde",
    "#efbd25","#492d73","#cd4275","#2f8400","#d9d73b","#aed4ff",
    "#ecb9e5","#813139","#743fd2","#434b7e","#e6908e","#214a00",
    "#ef6100","#7d9974","#e63c66","#cf48c7","#ffe40a","#a76e93",
    "#d9874a","#adc64a","#5466df","#d544a1","#54d665","#5e99c7",
    "#006874","#d2ad2c","#b5d7a5","#9e8442","#4e1737","#e482a7",
    "#6f451d","#2ccfe4","#ae6174","#a666be","#a32b2b","#ffff99",
    "#3fdacb","#bf5b17"),
 monocle = c(
   "#016edb", "#09658A", "#B4246E", "#FF9A21", "#FBC83C", "#ff42ef",
   "#216407", "#ff0000", "#483F84", "#995432", "#9834E7", "#35B5E2",
   "#A71206", "#717E8D", "#7762F0", "#C39CFB", "#FFFA2C", "#00FF00",
   "#CAC379", "#8B8A1D", "#FF8380", "#00FFFF", "#C0C0C0", "#0118FA",
   "#000000"
 ),
 col50 =  c(
      "#982f29", "#5ddb53", "#8b35d6", "#a9e047", "#4836be",
      "#e0dc33", "#d248d5", "#61a338", "#9765e5", "#69df96",
      "#7f3095", "#d0d56a", "#371c6b", "#cfa738", "#5066d1",
      "#e08930", "#6a8bd3", "#da4f1e", "#83e6d6", "#df4341",
      "#6ebad4", "#e34c75", "#50975f", "#d548a4", "#badb97",
      "#b377cf", "#899140", "#564d8b", "#ddb67f", "#292344",
      "#d0cdb8", "#421b28", "#5eae99", "#a03259", "#406024",
      "#e598d7", "#343b20", "#bbb5d9", "#975223", "#576e8b",
      "#d97f5e", "#253e44", "#de959b", "#417265", "#712b5b",
      "#8c6d30", "#a56c95", "#5f3121", "#8f846e", "#8f5b5c"),
 ditto = c(
     "#E69F00", "#56B4E9", "#009E73", "#F0E442", "#0072B2",
     "#D55E00", "#CC79A7", "#666666", "#AD7700", "#1C91D4",
     "#007756", "#D5C711", "#005685", "#A04700", "#B14380",
     "#4D4D4D", "#FFBE2D", "#80C7EF", "#00F6B3", "#F4EB71",
     "#06A5FF", "#FF8320", "#D99BBD", "#8C8C8C"),
 cold = c(
     "#1660A7","#FF6A00","#219418","#CD0C18","#814BB2","#794339",
     "#5ddb53","#5066d1","#FF0000","#F0E442","#4836be","#EE6677",
     "#DC59B6","#CC79A7","#982f29","#AFB400","#11B3C6","#292344",
     "#E69F00","#AA3377","#009E73","#576e8b","#0072B2","#D55E00",
     "#00AFBB","#00FFFF","#4477AA","#228833","#CCBB44","#66CCEE",
      "#56B4E9","#BBBBBB"),
 Buen = c(
     "#00441B", "#46A040", "#00AF99", "#FFC179", "#98D9E9", "#F6313E",
     "#FFA300", "#C390D4", "#FF5A00", "#DBA13A", "#7D7D7D", "#4B4B4B",
     "#8F1336", "#0081C9", "#001588", "#490C65", "#F26C64"),
 pal27 = c("#E31A1C","#3182BD","#FEB24C","#CE1256","#31A354","#91003F",
           "#756BB1","#C51B8A","#DE2D26","#7FCDBB","#1C9099","#FC9272",
           "#ADDD8E","#FA9FB5","#43A2CA","#2CA25F","#8856A7","#E34A33",
           "#023858","#636363","#FEC44F","#253494","#A6BDDB","#C994C7",
           "#D95F0E","#2C7FB8","#FDBB84"),
 pal19 = c("#FF6F00FF","#225EA8","#FED439FF","#197EC0FF","#C71000FF",
           "#FD8CC1FF","#370335FF","#008EA0FF","#8A4198FF","#FC4E2A",
           "#709AE1FF","#71D0F5FF","#91331FFF","#C80813FF","#46732EFF",
           "#FF6348FF","#D5E4A2FF","#ADE2D0FF","#1A9993FF"),
 UKBB = c(
   "#00441B", "#46A040", "#00AF99", "#FFC179", "#98D9E9", "#F6313E",
   "#8F1336", "#0081C9", "#001588", "#490C65", "#A65AC2", "#FF81AF",
   "#CDA2DB", "#FF5A00", "#FFCE00", "#FFA300", "#FF7900", "#FFA300" ),
 TF1 = c(
   "#F6313E", "#46A040", "#0081C9", "#A65AC2", "#FFA300",  "#FFFF32",
   "#89774A", "#FF6A80", "#999999", "#0DB2AA", "#001588", "#00441B",
   "#CDA2DB", "#98D9E9", "#FF9999", "#FFC966", "#A9FBA9" ),
 colx22 = c(
     '#e6194b', '#3cb44b', '#ffe119', '#4363d8', '#f58231', '#911eb4',
     '#46f0f0', '#f032e6', '#bcf60c', '#fabebe', '#008080', '#e6beff',
     '#9a6324', '#fffac8', '#800000', '#aaffc3', '#808000', '#ffd8b1',
     '#000075', '#808080', '#4f34ff', '#f340F0'),
 paired = c(
     "#A6CEE3", "#1F78B4", "#B2DF8A", "#33A02C", "#FB9A99", "#E31A1C",
     "#FDBF6F", "#FF7F00", "#CAB2D6", "#6A3D9A", "#FFFF99", "#B15928"),
 simpson = c("#FED439FF","#709AE1FF","#8A9197FF","#D2AF81FF","#FD7446FF",
             "#D5E4A2FF","#197EC0FF","#CC4C02","#46732EFF","#71D0F5FF",
             "#370335FF","#075149FF","#C80813FF","#91331FFF","#1A9993FF",
             "#FD8CC1FF"),
 tableau10medium = c("#729ECE", "#FF9E4A", "#67BF5C", "#ED665D",
                     "#AD8BC9", "#A8786E", "#ED97CA", "#A2A2A2",
                     "#CDCC5D", "#6DCCDA"),
 colorblind10 = c("#006BA4", "#FF800E", "#ABABAB", "#595959",
                  "#5F9ED1", "#C85200", "#898989", "#A2C8EC",
                  "#FFBC79", "#CFCFCF"),
 greenorange12 = c("#32A251", "#ACD98D", "#FF7F0F", "#FFB977",
                   "#3CB7CC", "#98D9E4", "#B85A0D", "#FFD94A",
                   "#39737C", "#86B4A9", "#82853B", "#CCC94D"),
alphabet = c(
  "#F0A0FF", "#0075DC", "#993F00", "#4C005C", "#191919", "#005C31",
  "#2BCE48", "#FFCC99", "#808080", "#94FFB5", "#8F7C00", "#9DCC00",
  "#C20088", "#003380", "#FFA405", "#FFA8BB", "#426600", "#FF0010",
  "#5EF1F2", "#00998F", "#E0FF66", "#740AFF", "#990000", "#FFFF80",
  "#FFE100", "#FF5005"
),
alphabet2 = c(
  "#AA0DFE", "#3283FE", "#85660D", "#782AB6", "#565656", "#1C8356",
  "#16FF32", "#F7E1A0", "#E2E2E2", "#1CBE4F", "#C4451C", "#DEA0FD",
  "#FE00FA", "#325A9B", "#FEAF16", "#F8A19F", "#90AD1C", "#F6222E",
  "#1CFFCE", "#2ED9FF", "#B10DA1", "#C075A6", "#FC1CBF", "#B00068",
  "#FBE426", "#FA0087"
),
glasbey = c(
  "#0000FF", "#FF0000", "#00FF00", "#000033", "#FF00B6", "#005300",
  "#FFD300", "#009FFF", "#9A4D42", "#00FFBE", "#783FC1", "#1F9698",
  "#FFACFD", "#B1CC71", "#F1085C", "#FE8F42", "#DD00FF", "#201A01",
  "#720055", "#766C95", "#02AD24", "#C8FF00", "#886C00", "#FFB79F",
  "#858567", "#A10300", "#14F9FF", "#00479E", "#DC5E93", "#93D4FF",
  "#004CFF", "#F2F318"
),